Sample,Ammonia,Cyclohexanone,Ethanol,Acetone,Methanol,Sensor1,Sensor2,Sensor3,Sensor4
1,50,50,0,0,0,299817.206984,231865.708097,1640372.959328,1000677.147216
1,50,50,0,0,0,299665.007043,231973.927135,1640662.039148,999025.057398
1,50,50,0,0,0,299702.865235,231704.875866,1638048.991573,1000475.615092
1,50,50,0,0,0,299668.967725,231740.739912,1638292.920496,1000001.716615
1,50,50,0,0,0,299684.735065,231671.773441,1636648.352488,999415.568474
1,50,50,0,0,0,299738.330469,231644.630186,1636775.320465,999336.653498
1,50,50,0,0,0,299683.935243,231653.310299,1635818.223671,998591.081117
1,50,50,0,0,0,299614.553300,231527.401394,1635088.109477,997676.880657
1,50,50,0,0,0,299666.606540,231723.344750,1634478.197253,995819.266302
1,50,50,0,0,0,299585.391135,231565.926758,1633878.821972,997387.298185
1,50,50,0,0,0,299620.873599,231702.724795,1634207.675326,995371.112603
1,50,50,0,0,0,299563.351017,231751.602974,1635029.837006,996088.635141
1,50,50,0,0,0,299675.251661,231766.796711,1634375.442014,995658.021726
1,50,50,0,0,0,299628.755216,231671.773441,1633687.139013,995443.828950
1,50,50,0,0,0,299545.994708,231491.059479,1631634.623577,994469.528578
1,50,50,0,0,0,299534.196324,231487.810842,1631142.502424,993313.900327
1,50,50,0,0,0,299617.713424,231547.475398,1631795.292038,994377.347646
1,50,50,0,0,0,299594.070812,231698.370272,1630630.106276,992394.487937
1,50,50,0,0,0,299602.750866,231639.202068,1630500.429918,991891.111766
1,50,50,0,0,0,299545.994708,231618.566353,1629520.516547,991252.984645
1,50,50,0,0,0,299539.714837,231648.957074,1629510.295787,990879.263111
1,50,50,0,0,0,299497.968223,231544.776011,1629305.567605,990931.995281
1,50,50,0,0,0,299449.116357,231479.689529,1628773.456452,990550.647774
1,50,50,0,0,0,299443.600347,231431.415224,1628326.708788,990079.550914
1,50,50,0,0,0,299505.045886,231472.092531,1628330.167534,990188.899556
1,50,50,0,0,0,299537.355178,231498.657346,1628169.921867,989938.680741
1,50,50,0,0,0,299435.726031,231390.774083,1627420.172526,989663.229552
1,50,50,0,0,0,299469.583986,231451.477606,1625738.004897,989549.974974
1,50,50,0,0,0,299336.543853,231315.436277,1623446.608725,989622.267658
1,50,50,0,0,0,299429.449625,231372.865816,1624160.105960,988962.013484
2,50,0,0,50,0,12103395.550913,50743909.925735,8807017.541809,14788268267.403370
2,50,0,0,50,0,12459693.052450,52241251.079249,8927823.751058,12059296313.487537
2,50,0,0,50,0,11763280.580527,52884563.573128,8903318.599063,16338755740.666889
2,50,0,0,50,0,12289957.004589,52472125.784720,8896014.441377,17772068448.456207
2,50,0,0,50,0,12033966.976645,51207412.368423,9076938.600959,19670162959.307407
2,50,0,0,50,0,11974670.624093,51455463.537922,9022803.570933,14368714820.884491
2,50,0,0,50,0,12153581.302592,49608778.366279,8900124.332678,11987933239.905474
2,50,0,0,50,0,11661361.424728,54321967.351741,9207511.529314,16208038545.726818
2,50,0,0,50,0,11928078.178634,51652993.840106,8933274.971086,11070746938.409878
2,50,0,0,50,0,11561178.556587,54987814.569849,9258469.502771,12429244261.947903
2,50,0,0,50,0,11278276.449324,54439156.441079,8980885.633504,25012947324.127899
2,50,0,0,50,0,11887514.625158,51168465.454269,9137086.055182,16208038545.726818
2,50,0,0,50,0,11321893.967935,58850530.589011,9362722.105106,15007368394.476738
2,50,0,0,50,0,11382741.887685,55793236.364575,9323596.939278,13597185890.041286
2,50,0,0,50,0,11590783.896792,61391042.369154,9449031.002960,17316348147.473160
2,50,0,0,50,0,11519715.307827,57888830.199635,9315870.507578,14368714820.884491
2,50,0,0,50,0,11338013.982190,58713634.591433,9395846.969303,15119371735.145397
2,50,0,0,50,0,11399686.456452,61391042.369154,9471441.612525,13876601037.257605
2,50,0,0,50,0,11305819.326792,57378856.398924,9265642.175662,14069345369.821941
2,50,0,0,50,0,11880426.818187,67302854.186570,9707912.373297,18089444470.231304
2,50,0,0,50,0,11642276.208173,69766544.546500,9513879.370376,19113431209.497650
2,50,0,0,50,0,11332850.161879,64549959.364294,9452319.111543,14788268267.403370
2,50,0,0,50,0,11970355.300906,77351444.264939,9778948.753463,15465638875.719837
2,50,0,0,50,0,12300574.342387,84322074.431470,9793763.412013,14267519116.597528
2,50,0,0,50,0,12155063.768133,84251780.910420,9785202.381135,15705431562.085995
2,50,0,0,50,0,12334058.446437,89950214.142927,9867112.797456,15348468133.305515
2,50,0,0,50,0,12038327.912052,74803134.354679,9684929.761996,13689066007.657890
2,50,0,0,50,0,12303610.064265,94446417.559431,9627539.345524,14267519116.597528
2,50,0,0,50,0,12109277.952984,101460388.432309,9469331.655633,14897013462.252716
2,50,0,0,50,0,11998463.436683,92164559.802111,9595860.259474,14368714820.884491
2,50,0,0,50,0,12661414.276159,112150958.988545,9747900.624487,14368714820.884491
3,50,0,50,0,0,21144937.364600,86008361.913374,10259654.339706,698388932.316288
3,50,0,50,0,0,20076555.819254,75108973.901534,10338416.733522,1080179147.235921
3,50,0,50,0,0,20155221.010431,71418874.232727,10322956.014085,1469340925.188689
3,50,0,50,0,0,20636154.921568,89039014.254049,10290586.906453,652801156.714728
3,50,0,50,0,0,20541093.187532,77708359.612650,10340574.976039,972632713.655408
3,50,0,50,0,0,20557929.403848,76968459.563639,10384094.554419,1079602569.715121
3,50,0,50,0,0,20261066.590856,73470435.826701,10377381.958215,1315523583.730158
3,50,0,50,0,0,20397012.557954,76997782.848339,10445508.836608,1135359914.356703
3,50,0,50,0,0,20515891.047580,83006225.464127,10353093.023314,855714461.657677
3,50,0,50,0,0,20484473.995060,72107047.071418,10421121.280031,1471478059.909846
3,50,0,50,0,0,20874428.563336,77529494.501802,10367615.566108,868583596.066334
3,50,0,50,0,0,21351876.107964,91829659.469401,10233746.363660,603093534.363690
3,50,0,50,0,0,20064508.032211,69478631.450636,10365830.459790,1774749198.632807
3,50,0,50,0,0,21120462.551305,83486207.948811,10375019.187513,722359404.336700
3,50,0,50,0,0,20710700.434882,79984177.520843,10381217.088714,859717855.780986
3,50,0,50,0,0,21056205.409079,76041669.187014,10504257.041441,1006022740.739588
3,50,0,50,0,0,22303026.112185,116210542.359512,10490035.020973,434726821.408794
3,50,0,50,0,0,21326922.453087,103063432.778676,10352393.181154,523632238.673012
3,50,0,50,0,0,20465669.368555,77648650.150061,10390686.697415,895914427.154875
3,50,0,50,0,0,20787935.620120,78008316.309410,10486126.215683,912082338.586860
3,50,0,50,0,0,21084961.800288,79700304.414003,10403893.138530,896311683.032754
3,50,0,50,0,0,20648897.300031,81996021.154977,10370550.118933,767929706.864935
3,50,0,50,0,0,20844075.080365,75813442.674504,10418289.568097,947562581.268911
3,50,0,50,0,0,21118240.059315,86118284.598386,10383071.134357,707932755.425217
3,50,0,50,0,0,21120462.551305,84322074.431470,10366914.702556,705460870.882248
3,50,0,50,0,0,21495925.699233,96153194.218507,10342225.635520,540601093.470039
3,50,0,50,0,0,21868228.840082,90392621.055398,10322639.649434,623962937.887727
3,50,0,50,0,0,23385912.632221,114759962.202628,10522707.139921,430918513.984653
3,50,0,50,0,0,21167237.616045,78799130.982372,10420477.550477,771153105.733105
3,50,0,50,0,0,21653593.994597,92544247.350246,10366914.702556,562596606.731549
4,50,0,50,0,0,238706.675195,187040.473400,1508623.290885,757998.123094
4,50,0,50,0,0,238694.203185,187082.360177,1508368.696536,758056.041121
4,50,0,50,0,0,238714.607434,187100.262054,1508135.751231,757981.323159
4,50,0,50,0,0,238695.351885,187138.922790,1508440.103761,758225.395872
4,50,0,50,0,0,238707.796627,187044.539733,1508076.809278,758300.134584
4,50,0,50,0,0,238747.434441,187094.975757,1508197.845749,758286.424640
4,50,0,50,0,0,238776.327470,187181.251231,1508427.652208,758130.765436
4,50,0,50,0,0,238798.985680,187218.301314,1508424.501835,758136.955900
4,50,0,50,0,0,238827.887505,187207.307219,1508471.158171,758162.897370
4,50,0,50,0,0,238848.855361,187235.393985,1508300.293427,758104.972302
4,50,0,50,0,0,238766.695913,187158.050633,1507676.287358,757984.417859
4,50,0,50,0,0,238771.238000,187213.404019,1507874.957831,757926.504551
4,50,0,50,0,0,238710.066866,187179.206282,1507127.071107,758117.058133
4,50,0,50,0,0,238822.796485,187215.036432,1507462.208307,758205.643507
4,50,0,50,0,0,238810.890664,187250.875524,1507539.710297,758121.627210
4,50,0,50,0,0,238761.606731,187203.236273,1507058.885553,758321.510729
4,50,0,50,0,0,238832.978678,187294.457050,1507701.175670,758075.937508
4,50,0,50,0,0,238806.922243,187216.255837,1506981.263437,757958.481656
4,50,0,50,0,0,238843.188857,187313.192316,1507251.163345,758260.479525
4,50,0,50,0,0,238836.372878,187320.533586,1506987.556943,758333.746963
4,50,0,50,0,0,238824.493474,187297.704059,1506677.414597,758352.027920
4,50,0,50,0,0,238864.158607,187332.343385,1507294.628508,758286.424640
4,50,0,50,0,0,238759.910372,187288.750365,1506215.339997,757642.740292
4,50,0,50,0,0,238815.981326,187288.750365,1506426.210609,757941.682479
4,50,0,50,0,0,238818.827785,187302.997824,1506364.203778,757805.974582
4,50,0,50,0,0,238815.981326,187395.522615,1506128.486001,757799.786447
4,50,0,50,0,0,238824.493474,187406.117552,1506658.688651,757633.607139
4,50,0,50,0,0,238844.311193,187449.332503,1506268.054324,757587.942798
4,50,0,50,0,0,238758.761234,187341.299797,1505834.125685,757514.737499
4,50,0,50,0,0,238885.678569,187502.354552,1506125.491143,757459.800707
5,0,0,0,100,0,13821462.825943,61149387.729631,9538762.069136,11847711890.376373
5,0,0,0,100,0,13785209.725356,59986885.262415,9510389.126219,15465638875.719837
5,0,0,0,100,0,13996777.242782,73098329.067971,9448814.949491,11070746938.409878
5,0,0,0,100,0,13895508.890093,71596029.755798,9465492.266040,18252420373.840973
5,0,0,0,100,0,13910993.941411,73657909.003170,9495851.761469,11255276295.857553
5,0,0,0,100,0,15004590.311156,92799115.939758,9492319.010922,776486501.500606
5,0,0,0,100,0,14397207.549909,83693618.978558,9686112.589170,5039123911.715133
5,0,0,0,100,0,15005715.689007,96890417.409287,9617348.094360,842869097.164397
5,0,0,0,100,0,15178860.197315,93832769.432071,9639537.896009,984471650.093638
5,0,0,0,100,0,15837463.100503,103115982.060325,9512406.980620,491496305.389572
5,0,0,0,100,0,15112325.932830,97356935.415081,9397286.886561,628037484.182406
5,0,0,0,100,0,15332476.311633,97733400.682101,9278557.136328,502261262.803322
5,0,0,0,100,0,16607592.330087,82296493.025079,9141703.347783,239148120.686583
5,0,0,0,100,0,16722730.950006,82870096.615405,9128167.328186,233641537.115143
5,0,0,0,100,0,16899159.146714,77085897.836794,8945952.149779,227657003.237574
5,0,0,0,100,0,16956400.493401,76939153.048600,8933323.197057,241302041.955502
5,0,0,0,100,0,16511705.274498,88726381.259712,9156955.236234,250755685.184897
5,0,0,0,100,0,17009692.616275,74472312.740639,8979656.680913,274701429.318987
5,0,0,0,100,0,16424996.018581,69935594.594170,8849447.523380,280250670.946756
5,0,0,0,100,0,16162378.570034,63098057.599163,8812288.661569,451160192.132593
5,0,0,0,100,0,15705676.620887,57248702.635620,8612122.588535,556394685.993498
5,0,0,0,100,0,15737800.804718,54512661.119385,8557396.333749,636147702.257291
5,0,0,0,100,0,15555461.115490,51560625.667263,8583615.900795,788298699.733052
5,0,0,0,100,0,15706910.758927,54468536.774519,8601782.679607,656620812.370458
5,0,0,0,100,0,15920635.481641,49792386.078146,8860615.467984,1052082039.319808
5,0,0,0,100,0,14908369.023821,45781559.681521,8649294.058292,1780996222.720106
5,0,0,0,100,0,14619432.040958,43221139.602170,8714387.820792,3604213216.619227
5,0,0,0,100,0,14449258.887968,42945033.204760,8810863.351877,6663900668.171078
6,100,0,0,0,0,230393.745818,180999.468257,1489775.682365,608788.981921
6,100,0,0,0,0,230444.399748,181152.303053,1490452.177284,612117.075956
6,100,0,0,0,0,230398.066153,181138.659079,1490078.699544,613593.520857
6,100,0,0,0,0,230437.396815,181091.857499,1489528.002133,613382.860161
6,100,0,0,0,0,230305.958173,180993.613587,1488705.513608,612067.135231
6,100,0,0,0,0,229859.624782,180725.764728,1487721.546271,608612.764479
6,100,0,0,0,0,230105.761557,180930.507826,1488567.894414,612720.202636
6,100,0,0,0,0,230030.487445,180901.288905,1488228.636570,614299.392884
6,100,0,0,0,0,229959.011425,180829.650194,1487532.104571,613635.982413
6,100,0,0,0,0,229900.981034,180710.584003,1486543.168217,611676.019269
6,100,0,0,0,0,229667.482837,180589.309907,1485804.854637,609376.775836
6,100,0,0,0,0,229657.299938,180448.712162,1484993.657623,607028.050377
6,100,0,0,0,0,229466.998110,180355.958081,1484765.180643,604964.575481
6,100,0,0,0,0,229196.128199,180117.213278,1483361.382112,600160.660662
6,100,0,0,0,0,229484.675085,180428.517740,1484832.306119,605118.372153
6,100,0,0,0,0,229392.014998,180360.230769,1484527.620921,607207.862286
6,100,0,0,0,0,229260.863722,180253.209198,1483945.835665,608253.908705
6,100,0,0,0,0,229283.869698,180255.531221,1483574.306663,608459.531115
6,100,0,0,0,0,229274.770321,180208.630068,1483108.802131,608469.647072
6,100,0,0,0,0,229198.815316,180135.024111,1482186.836297,606503.131343
6,100,0,0,0,0,228957.743837,179997.983947,1481703.643580,605484.679221
6,100,0,0,0,0,228903.288975,179945.357879,1481305.481466,604820.878392
6,100,0,0,0,0,228880.336146,179878.071688,1481016.629651,603578.787743
6,100,0,0,0,0,228762.398829,179802.324713,1480266.633583,601891.271013
6,100,0,0,0,0,228814.151938,179836.337631,1480108.828323,602348.657410
6,100,0,0,0,0,228710.121022,179754.418235,1479571.326551,601683.654586
6,100,0,0,0,0,228540.082001,179570.670830,1478637.337581,598747.685052
6,100,0,0,0,0,228624.281333,179760.202720,1479395.435500,600848.349963
7,0,100,0,0,0,250812.170845,199754.817759,1531409.167262,880700.825502
7,0,100,0,0,0,251170.920266,199805.383654,1531573.568570,880686.826910
7,0,100,0,0,0,251243.970079,199868.400630,1531137.249147,880798.484134
7,0,100,0,0,0,251307.928313,199870.608848,1531358.598291,880774.195030
7,0,100,0,0,0,251329.233282,199831.551774,1531156.189864,880744.509198
7,0,100,0,0,0,251433.441202,199863.962853,1531621.090026,881036.010663
7,0,100,0,0,0,251437.710924,199895.909199,1531709.567201,881160.027395
7,0,100,0,0,0,252011.029887,199881.714747,1531159.244845,880971.393458
7,0,100,0,0,0,252099.119212,199902.578053,1530378.478935,881025.550135
7,0,100,0,0,0,252168.889099,199911.005679,1530697.720836,881069.248918
7,0,100,0,0,0,252205.618087,199860.854344,1530157.301158,880807.255354
7,0,100,0,0,0,252103.405124,199859.075020,1530764.144266,881048.327240
7,0,100,0,0,0,252245.431261,199906.566641,1530331.156767,881100.632307
7,0,100,0,0,0,252321.977107,199896.359498,1529850.860600,881394.100799
7,0,100,0,0,0,252325.676531,199970.505753,1530953.813803,881617.765347
7,0,100,0,0,0,252434.148579,199929.213541,1530552.364942,881526.942688
7,0,100,0,0,0,252435.362754,199976.276843,1531358.598291,881813.452134
7,0,100,0,0,0,252491.164618,199944.291925,1529964.546269,881502.465962
7,0,100,0,0,0,252550.658673,199976.727384,1529872.986540,881626.544210
7,0,100,0,0,0,252559.252602,199982.498713,1530249.034108,881976.077035
7,0,100,0,0,0,252470.932920,199912.785620,1529996.135913,881754.015778
7,0,100,0,0,0,252500.348147,199956.733269,1530700.927404,881740.001502
7,0,100,0,0,0,252548.821405,199949.632996,1530482.746604,881577.586212
7,0,100,0,0,0,252547.576815,199887.482421,1530214.232805,881872.892244
7,0,100,0,0,0,252615.686595,199948.732079,1530327.951136,881666.725436
7,0,100,0,0,0,252355.689132,199853.308438,1529923.496171,881121.555149
7,0,100,0,0,0,252480.737450,199812.927148,1528439.720344,880926.012227
7,0,100,0,0,0,252434.740858,199832.001880,1529525.577657,881390.556355
7,0,100,0,0,0,252535.309181,199895.909199,1529923.496171,881353.931215
8,0,0,100,0,0,231353.912391,182516.170420,1478058.307310,698230.381091
8,0,0,100,0,0,231402.687818,182507.512276,1477721.908693,698147.736080
8,0,0,100,0,0,231375.588586,182518.549124,1478121.849767,698204.665392
8,0,0,100,0,0,231364.200376,182496.095755,1477821.735479,698156.398990
8,0,0,100,0,0,231377.761597,182536.666647,1478167.239231,698381.253044
8,0,0,100,0,0,231311.118087,182480.722964,1477733.910902,698376.989202
8,0,0,100,0,0,231295.939889,182472.066992,1478085.539392,698758.619036
8,0,0,100,0,0,231325.721873,182557.946285,1477718.688608,698720.090579
8,0,0,100,0,0,231332.239031,182409.075111,1477594.575347,698476.576126
8,0,0,100,0,0,231359.331174,182496.875854,1477676.242815,698721.604164
8,0,0,100,0,0,231349.043491,182498.455093,1478203.552000,698570.671739
8,0,0,100,0,0,231294.317474,182420.085252,1477400.819598,698876.829745
8,0,0,100,0,0,231334.934959,182495.296633,1477485.401084,699124.726566
8,0,0,100,0,0,231376.138381,182544.146512,1477424.817910,699130.370811
8,0,0,100,0,0,231366.373238,182567.007283,1477885.558578,699121.835625
8,0,0,100,0,0,231351.739692,182522.488346,1477282.590797,699213.111497
8,0,0,100,0,0,231364.200376,182533.507332,1477085.665399,699114.677148
8,0,0,100,0,0,231371.242648,182561.486858,1478006.772964,699885.936761
8,0,0,100,0,0,231424.370395,182619.423994,1478400.655186,700057.086000
8,0,0,100,0,0,231373.965391,182599.315612,1478112.772073,700126.961176
8,0,0,100,0,0,231403.761405,182561.886606,1478036.932009,700077.069438
8,0,0,100,0,0,231444.431924,182621.004604,1478130.927527,700509.377950
8,0,0,100,0,0,231485.636387,182697.904521,1478716.144102,700433.818391
8,0,0,100,0,0,231486.736710,182685.672407,1478688.605194,700525.097388
8,0,0,100,0,0,231473.716687,182703.811372,1478855.605838,700563.707768
8,0,0,100,0,0,231528.501994,182736.951479,1478934.426239,700443.745541
9,0,0,0,0,100,407841.397637,313570.152299,1695923.999222,1097108.589852
9,0,0,0,0,100,407646.737126,315483.390883,1692989.361087,1095518.752684
9,0,0,0,0,100,407520.843571,315961.942935,1692091.242570,1095312.734482
9,0,0,0,0,100,407511.939097,316245.621501,1691715.648619,1095278.192712
9,0,0,0,0,100,407486.517010,316299.536079,1691236.547038,1095126.431766
9,0,0,0,0,100,407515.746489,316432.130305,1690700.480217,1094957.531985
9,0,0,0,0,100,407604.745192,316568.284289,1690847.035728,1094407.488427
9,0,0,0,0,100,407433.132776,316664.207990,1690214.665366,1094374.858937
9,0,0,0,0,100,407506.842194,316741.334863,1689896.694033,1094357.707946
9,0,0,0,0,100,407623.820403,316910.260855,1690046.785079,1094658.518500
9,0,0,0,0,100,407824.857678,317202.994930,1690528.914899,1094251.670861
9,0,0,0,0,100,407756.126937,317284.638930,1690214.665366,1094779.871274
9,0,0,0,0,100,407953.424265,317463.479072,1690532.539292,1095145.897803
9,0,0,0,0,100,407907.599002,317565.011823,1689810.959884,1095035.385750
9,0,0,0,0,100,407875.772225,317645.050936,1689964.664225,1095796.019975
9,0,0,0,0,100,408032.392288,317755.284859,1689778.875672,1095882.733417
9,0,0,0,0,100,408001.841949,317642.472575,1689589.663388,1096694.082012
9,0,0,0,0,100,408110.123009,317746.672038,1689464.628858,1096550.709257
9,0,0,0,0,100,408237.571605,317981.925436,1689571.726686,1097527.457415
9,0,0,0,0,100,408358.707006,317149.758838,1689810.959884,1108847.245052
9,0,0,0,0,100,408402.087085,316422.745081,1689450.487753,1117993.479436
9,0,0,0,0,100,408472.256478,316598.240184,1689421.861094,1118733.204548
9,0,0,0,0,100,408643.308081,316799.644007,1689679.005524,1118179.378508
9,0,0,0,0,100,408712.279229,317136.897908,1690025.391768,1117634.822824
9,0,0,0,0,100,408824.690451,317357.718100,1689386.164848,1116387.422001
9,0,0,0,0,100,408921.836716,317608.042026,1690168.250324,1115812.620992
10,0,0,0,0,0,1696868.910503,2519004.895449,1235554.270676,751623.907643
10,0,0,0,0,0,1698346.108089,2521087.284722,1236482.154443,751623.907643
10,0,0,0,0,0,1701161.932077,2523403.790433,1236390.810028,752202.799689
10,0,0,0,0,0,1701405.749640,2523535.021206,1237395.770466,752772.148344
10,0,0,0,0,0,1702401.370739,2528721.555962,1237129.172312,753202.980072
10,0,0,0,0,0,1703714.932255,2529293.735158,1238641.771330,753321.608744
10,0,0,0,0,0,1706181.691212,2530584.848118,1239634.166203,753575.693665
10,0,0,0,0,0,1708176.718234,2531000.372155,1240649.465595,753791.242626
10,0,0,0,0,0,1707288.055587,2534712.143412,1241961.168669,754189.026582
10,0,0,0,0,0,1708853.673791,2533535.299186,1242757.658350,754740.956173
10,0,0,0,0,0,1709889.787530,2535067.130131,1243405.913005,754986.793997
10,0,0,0,0,0,1711146.654102,2538841.562517,1244496.939486,755592.646907
10,0,0,0,0,0,1712585.022235,2539233.057247,1243994.753050,756054.814393
10,0,0,0,0,0,1712298.567832,2540336.679343,1246532.481520,755833.817443
10,0,0,0,0,0,1715474.557639,2539695.864587,1245768.179632,755888.981733
10,0,0,0,0,0,1718151.299213,2541980.330990,1247454.569772,756274.236335
10,0,0,0,0,0,746817.668174,148447.581715,1493385.042653,526105.797093
10,0,0,0,0,0,747575.743308,148439.958712,1493965.326762,525586.346112
10,0,0,0,0,0,747987.177196,148428.686944,1493535.647425,525587.566890
10,0,0,0,0,0,748225.034739,148522.836136,1495657.905682,525650.717073
10,0,0,0,0,0,748654.957129,148345.548791,1496134.366803,526344.936669
10,0,0,0,0,0,747706.961223,148479.579883,1496660.348681,526365.599712
10,0,0,0,0,0,748651.437034,148524.367606,1497737.668657,526095.469018
10,0,0,0,0,0,750475.229930,148578.658657,1497047.993546,526155.218312
10,0,0,0,0,0,749622.888162,148547.253562,1496949.584562,526366.710644
10,0,0,0,0,0,750296.781534,148539.300436,1496346.515873,526239.075118
10,0,0,0,0,0,749010.551339,148616.172513,1498843.608989,526809.545880
10,0,0,0,0,0,749715.576605,148706.806483,1499419.883428,527025.889550
10,0,0,0,0,0,749462.602963,148501.515311,1499429.117895,526777.421960
10,0,0,0,0,0,750464.538159,148530.464225,1500903.784015,526632.380955
